0.418181818181818
0.436363636363636
0.418181818181818
0.427272727272727
0.390909090909091
0.445454545454545
0.490909090909091
0.381818181818182
0.445454545454545
0.4
0.418181818181818
0.5
0.427272727272727
0.4
0.4
0.4
0.509090909090909
0.436363636363636
0.436363636363636
0.445454545454545
0.427272727272727
0.372727272727273
0.4
0.445454545454545
0.454545454545455
0.463636363636364
0.472727272727273
0.409090909090909
0.5
0.436363636363636
0.445454545454545
0.436363636363636
0.463636363636364
0.381818181818182
0.436363636363636
0.445454545454545
0.509090909090909
0.5
0.536363636363636
0.409090909090909
0.418181818181818
0.436363636363636
0.409090909090909
0.418181818181818
0.472727272727273
0.336363636363636
0.445454545454545
0.445454545454545
0.472727272727273
0.436363636363636
0.372727272727273
0.445454545454545
0.454545454545455
0.390909090909091
0.418181818181818
0.481818181818182
0.527272727272727
0.472727272727273
0.445454545454545
0.481818181818182
0.436363636363636
0.472727272727273
0.454545454545455
0.463636363636364
0.427272727272727
0.454545454545455
0.418181818181818
0.445454545454545
0.509090909090909
0.436363636363636
0.463636363636364
0.454545454545455
0.481818181818182
0.409090909090909
0.454545454545455
0.463636363636364
0.536363636363636
0.436363636363636
0.381818181818182
0.463636363636364
0.381818181818182
0.409090909090909
0.409090909090909
0.445454545454545
0.481818181818182
0.463636363636364
0.4
0.454545454545455
0.509090909090909
0.5
0.372727272727273
0.418181818181818
0.509090909090909
0.427272727272727
0.445454545454545
0.381818181818182
0.509090909090909
0.381818181818182
0.427272727272727
0.4
0.436363636363636
0.427272727272727
0.445454545454545
0.454545454545455
0.472727272727273
0.472727272727273
0.381818181818182
0.536363636363636
0.436363636363636
0.4
0.463636363636364
0.481818181818182
0.454545454545455
0.390909090909091
0.454545454545455
0.409090909090909
0.472727272727273
0.445454545454545
0.372727272727273
0.527272727272727
0.436363636363636
0.427272727272727
0.536363636363636
0.436363636363636
0.381818181818182
0.409090909090909
0.481818181818182
0.436363636363636
0.527272727272727
0.436363636363636
0.472727272727273
0.418181818181818
0.427272727272727
0.409090909090909
0.527272727272727
0.436363636363636
0.509090909090909
0.409090909090909
0.4
0.436363636363636
0.454545454545455
0.481818181818182
0.5
0.436363636363636
0.390909090909091
0.418181818181818
0.445454545454545
0.390909090909091
0.418181818181818
0.463636363636364
0.454545454545455
0.572727272727273
0.472727272727273
0.445454545454545
0.454545454545455
0.463636363636364
0.372727272727273
0.463636363636364
0.454545454545455
0.409090909090909
0.381818181818182
0.418181818181818
0.463636363636364
0.472727272727273
0.436363636363636
0.490909090909091
0.527272727272727
0.445454545454545
0.490909090909091
0.436363636363636
0.518181818181818
0.418181818181818
0.545454545454545
0.381818181818182
0.418181818181818
0.445454545454545
0.427272727272727
0.472727272727273
0.418181818181818
0.481818181818182
0.418181818181818
0.318181818181818
0.427272727272727
0.372727272727273
0.454545454545455
0.436363636363636
0.436363636363636
0.390909090909091
0.454545454545455
0.418181818181818
0.409090909090909
0.445454545454545
0.427272727272727
0.454545454545455
0.390909090909091
0.463636363636364
0.445454545454545
0.436363636363636
0.372727272727273
0.481818181818182
0.427272727272727
0.445454545454545
0.5
0.409090909090909
0.409090909090909
0.427272727272727
0.463636363636364
0.318181818181818
0.445454545454545
0.409090909090909
0.427272727272727
0.390909090909091
0.445454545454545
0.436363636363636
0.518181818181818
0.418181818181818
0.418181818181818
0.481818181818182
0.445454545454545
0.472727272727273
0.481818181818182
0.509090909090909
0.445454545454545
0.481818181818182
0.509090909090909
0.481818181818182
0.490909090909091
0.445454545454545
0.536363636363636
0.481818181818182
0.481818181818182
0.509090909090909
0.454545454545455
0.427272727272727
0.381818181818182
0.481818181818182
0.381818181818182
0.427272727272727
0.490909090909091
0.518181818181818
0.363636363636364
0.409090909090909
0.381818181818182
0.427272727272727
0.481818181818182
0.390909090909091
0.463636363636364
0.409090909090909
0.481818181818182
0.481818181818182
0.436363636363636
0.463636363636364
0.436363636363636
0.4
0.4
0.445454545454545
0.427272727272727
0.409090909090909
0.463636363636364
0.372727272727273
0.418181818181818
0.454545454545455
0.463636363636364
0.445454545454545
0.381818181818182
0.445454545454545
0.490909090909091
0.5
0.527272727272727
0.418181818181818
0.445454545454545
0.454545454545455
0.418181818181818
0.454545454545455
0.490909090909091
0.381818181818182
0.372727272727273
0.490909090909091
0.4
0.472727272727273
0.436363636363636
0.545454545454545
0.418181818181818
0.445454545454545
0.454545454545455
0.463636363636364
0.463636363636364
0.363636363636364
0.381818181818182
0.409090909090909
0.490909090909091
0.390909090909091
0.454545454545455
0.554545454545455
0.427272727272727
0.436363636363636
0.5
0.390909090909091
0.454545454545455
0.445454545454545
0.454545454545455
0.554545454545455
0.5
0.5
0.409090909090909
0.445454545454545
0.445454545454545
0.436363636363636
0.427272727272727
0.372727272727273
0.427272727272727
0.463636363636364
0.490909090909091
0.418181818181818
0.409090909090909
0.418181818181818
0.463636363636364
0.527272727272727
0.5
0.427272727272727
0.390909090909091
0.463636363636364
0.445454545454545
0.445454545454545
0.427272727272727
0.436363636363636
0.409090909090909
0.327272727272727
0.472727272727273
0.445454545454545
0.481818181818182
0.372727272727273
0.445454545454545
0.4
0.345454545454545
0.472727272727273
0.518181818181818
0.454545454545455
0.436363636363636
0.418181818181818
0.409090909090909
0.4
0.490909090909091
0.436363636363636
0.390909090909091
0.454545454545455
0.436363636363636
0.481818181818182
0.418181818181818
0.418181818181818
0.363636363636364
0.481818181818182
0.436363636363636
0.390909090909091
0.472727272727273
0.4
0.454545454545455
0.472727272727273
0.5
0.390909090909091
0.390909090909091
0.481818181818182
0.409090909090909
0.427272727272727
0.509090909090909
0.481818181818182
0.363636363636364
0.436363636363636
0.390909090909091
0.445454545454545
0.490909090909091
0.381818181818182
0.518181818181818
0.527272727272727
0.481818181818182
0.5
0.418181818181818
0.490909090909091
0.490909090909091
0.527272727272727
0.481818181818182
0.463636363636364
0.409090909090909
0.463636363636364
0.390909090909091
0.481818181818182
0.4
0.454545454545455
0.390909090909091
0.481818181818182
0.436363636363636
0.454545454545455
0.372727272727273
0.481818181818182
0.436363636363636
0.509090909090909
0.5
0.409090909090909
0.436363636363636
0.5
0.454545454545455
0.445454545454545
0.345454545454545
0.418181818181818
0.454545454545455
0.472727272727273
0.454545454545455
0.372727272727273
0.481818181818182
0.390909090909091
0.436363636363636
0.454545454545455
0.445454545454545
0.427272727272727
0.527272727272727
0.418181818181818
0.445454545454545
0.409090909090909
0.536363636363636
0.490909090909091
0.427272727272727
0.427272727272727
0.445454545454545
0.418181818181818
0.509090909090909
0.4
0.427272727272727
0.518181818181818
0.427272727272727
0.418181818181818
0.409090909090909
0.518181818181818
0.472727272727273
0.463636363636364
0.409090909090909
0.463636363636364
0.418181818181818
0.390909090909091
0.427272727272727
0.381818181818182
0.490909090909091
0.363636363636364
0.4
0.436363636363636
0.409090909090909
0.463636363636364
0.436363636363636
0.490909090909091
0.481818181818182
0.436363636363636
0.490909090909091
0.463636363636364
0.381818181818182
0.390909090909091
0.472727272727273
0.463636363636364
0.454545454545455
0.363636363636364
0.472727272727273
0.472727272727273
0.381818181818182
0.481818181818182
0.554545454545455
0.527272727272727
0.518181818181818
0.427272727272727
0.418181818181818
0.490909090909091
0.427272727272727
0.481818181818182
0.418181818181818
0.4
0.463636363636364
0.463636363636364
0.5
0.436363636363636
0.481818181818182
0.463636363636364
0.427272727272727
0.527272727272727
0.418181818181818
0.436363636363636
0.463636363636364
0.454545454545455
0.454545454545455
0.418181818181818
0.436363636363636
0.463636363636364
0.354545454545455
0.463636363636364
0.354545454545455
0.390909090909091
0.418181818181818
0.454545454545455
0.418181818181818
0.409090909090909
0.472727272727273
0.454545454545455
0.4
0.454545454545455
0.563636363636364
0.445454545454545
0.454545454545455
0.363636363636364
0.445454545454545
0.463636363636364
0.481818181818182
0.363636363636364
0.454545454545455
0.5
0.481818181818182
0.445454545454545
0.445454545454545
0.563636363636364
0.463636363636364
0.427272727272727
0.436363636363636
0.436363636363636
0.445454545454545
0.454545454545455
0.472727272727273
0.454545454545455
0.445454545454545
0.5
0.436363636363636
0.518181818181818
0.427272727272727
0.472727272727273
0.545454545454545
0.490909090909091
0.372727272727273
0.472727272727273
0.481818181818182
0.472727272727273
0.445454545454545
0.463636363636364
0.363636363636364
0.463636363636364
0.427272727272727
0.4
0.436363636363636
0.445454545454545
0.5
0.418181818181818
0.463636363636364
0.445454545454545
0.454545454545455
0.445454545454545
0.472727272727273
0.427272727272727
0.518181818181818
0.454545454545455
0.390909090909091
0.463636363636364
0.463636363636364
0.436363636363636
0.463636363636364
0.354545454545455
0.390909090909091
0.427272727272727
0.4
0.463636363636364
0.472727272727273
0.481818181818182
0.418181818181818
0.454545454545455
0.463636363636364
0.427272727272727
0.490909090909091
0.454545454545455
0.518181818181818
0.372727272727273
0.409090909090909
0.509090909090909
0.354545454545455
0.463636363636364
0.4
0.490909090909091
0.381818181818182
0.436363636363636
0.409090909090909
0.509090909090909
0.427272727272727
0.454545454545455
0.4
0.454545454545455
0.463636363636364
0.418181818181818
0.454545454545455
0.436363636363636
0.463636363636364
0.463636363636364
0.436363636363636
0.445454545454545
0.418181818181818
0.490909090909091
0.4
0.518181818181818
0.5
0.454545454545455
0.390909090909091
0.454545454545455
0.5
0.418181818181818
0.436363636363636
0.409090909090909
0.472727272727273
0.436363636363636
0.481818181818182
0.418181818181818
0.4
0.490909090909091
0.509090909090909
0.381818181818182
0.527272727272727
0.418181818181818
0.418181818181818
0.409090909090909
0.490909090909091
0.463636363636364
0.436363636363636
0.454545454545455
0.436363636363636
0.463636363636364
0.554545454545455
0.427272727272727
0.336363636363636
0.372727272727273
0.390909090909091
0.4
0.409090909090909
0.518181818181818
0.463636363636364
0.381818181818182
0.481818181818182
0.418181818181818
0.436363636363636
0.472727272727273
0.463636363636364
0.418181818181818
0.463636363636364
0.463636363636364
0.418181818181818
0.427272727272727
0.318181818181818
0.418181818181818
0.427272727272727
0.509090909090909
0.418181818181818
0.481818181818182
0.436363636363636
0.481818181818182
0.481818181818182
0.390909090909091
0.472727272727273
0.409090909090909
0.472727272727273
0.472727272727273
0.390909090909091
0.518181818181818
0.454545454545455
0.381818181818182
0.381818181818182
0.5
0.5
0.409090909090909
0.427272727272727
0.445454545454545
0.418181818181818
0.363636363636364
0.427272727272727
0.427272727272727
0.445454545454545
0.4
0.381818181818182
0.445454545454545
0.4
0.445454545454545
0.427272727272727
0.409090909090909
0.390909090909091
0.436363636363636
0.445454545454545
0.4
0.481818181818182
0.490909090909091
0.427272727272727
0.481818181818182
0.436363636363636
0.445454545454545
0.463636363636364
0.4
0.454545454545455
0.427272727272727
0.4
0.390909090909091
0.409090909090909
0.390909090909091
0.436363636363636
0.427272727272727
0.436363636363636
0.4
0.409090909090909
0.481818181818182
0.381818181818182
0.436363636363636
0.472727272727273
0.372727272727273
0.418181818181818
0.463636363636364
0.436363636363636
0.381818181818182
0.409090909090909
0.418181818181818
0.490909090909091
0.490909090909091
0.436363636363636
0.4
0.463636363636364
0.463636363636364
0.463636363636364
0.445454545454545
0.5
0.418181818181818
0.436363636363636
0.518181818181818
0.445454545454545
0.481818181818182
0.427272727272727
0.5
0.463636363636364
0.490909090909091
0.418181818181818
0.445454545454545
0.527272727272727
0.409090909090909
0.463636363636364
0.454545454545455
0.472727272727273
0.390909090909091
0.418181818181818
0.427272727272727
0.390909090909091
0.454545454545455
0.454545454545455
0.345454545454545
0.445454545454545
0.463636363636364
0.509090909090909
0.472727272727273
0.481818181818182
0.5
0.427272727272727
0.436363636363636
0.418181818181818
0.536363636363636
0.5
0.454545454545455
0.445454545454545
0.509090909090909
0.472727272727273
0.527272727272727
0.454545454545455
0.463636363636364
0.472727272727273
0.418181818181818
0.463636363636364
0.454545454545455
0.409090909090909
0.436363636363636
0.518181818181818
0.436363636363636
0.463636363636364
0.436363636363636
0.5
0.390909090909091
0.454545454545455
0.436363636363636
0.490909090909091
0.427272727272727
0.409090909090909
0.481818181818182
0.518181818181818
0.436363636363636
0.481818181818182
0.4
0.481818181818182
0.418181818181818
0.527272727272727
0.4
0.454545454545455
0.481818181818182
0.463636363636364
0.454545454545455
0.372727272727273
0.427272727272727
0.472727272727273
0.445454545454545
0.409090909090909
0.427272727272727
0.345454545454545
0.372727272727273
0.418181818181818
0.409090909090909
0.472727272727273
0.527272727272727
0.472727272727273
0.436363636363636
0.427272727272727
0.418181818181818
0.418181818181818
0.490909090909091
0.427272727272727
0.436363636363636
0.527272727272727
0.418181818181818
0.390909090909091
0.409090909090909
0.436363636363636
0.454545454545455
0.445454545454545
0.481818181818182
0.4
0.418181818181818
0.418181818181818
0.436363636363636
0.354545454545455
0.454545454545455
0.372727272727273
0.509090909090909
0.463636363636364
0.390909090909091
0.436363636363636
0.463636363636364
0.427272727272727
0.472727272727273
0.436363636363636
0.336363636363636
0.5
0.418181818181818
0.372727272727273
0.436363636363636
0.454545454545455
0.354545454545455
0.354545454545455
0.427272727272727
0.490909090909091
0.454545454545455
0.5
0.436363636363636
0.4
0.418181818181818
0.418181818181818
0.454545454545455
0.381818181818182
0.554545454545455
0.409090909090909
0.409090909090909
0.472727272727273
0.390909090909091
0.436363636363636
0.427272727272727
0.463636363636364
0.4
0.418181818181818
0.390909090909091
0.472727272727273
0.409090909090909
0.490909090909091
0.354545454545455
0.445454545454545
0.518181818181818
0.345454545454545
0.481818181818182
0.463636363636364
0.472727272727273
0.490909090909091
0.436363636363636
0.481818181818182
0.518181818181818
0.454545454545455
0.463636363636364
0.409090909090909
0.490909090909091
0.381818181818182
0.490909090909091
0.436363636363636
0.454545454545455
0.445454545454545
0.509090909090909
0.445454545454545
0.372727272727273
0.490909090909091
0.463636363636364
0.436363636363636
0.481818181818182
0.427272727272727
0.409090909090909
0.490909090909091
0.427272727272727
0.472727272727273
0.336363636363636
0.481818181818182
0.454545454545455
0.518181818181818
0.463636363636364
0.463636363636364
0.463636363636364
0.509090909090909
0.481818181818182
0.418181818181818
0.472727272727273
0.427272727272727
0.409090909090909
0.418181818181818
0.372727272727273
0.463636363636364
0.427272727272727
0.436363636363636
0.490909090909091
0.5
0.336363636363636
0.454545454545455
0.445454545454545
0.445454545454545
0.463636363636364
0.454545454545455
0.445454545454545
0.381818181818182
0.418181818181818
0.409090909090909
0.436363636363636
0.409090909090909
0.418181818181818
0.472727272727273
0.445454545454545
0.327272727272727
0.5
0.509090909090909
0.390909090909091
0.463636363636364
0.427272727272727
0.463636363636364
0.445454545454545
0.445454545454545
0.418181818181818
0.418181818181818
0.4
0.527272727272727
0.390909090909091
0.5
0.5
0.427272727272727
0.381818181818182
0.427272727272727
0.436363636363636
0.481818181818182
0.490909090909091
0.463636363636364
0.390909090909091
0.381818181818182
0.5
0.481818181818182
0.4
0.445454545454545
0.490909090909091
0.445454545454545
0.381818181818182
0.409090909090909
0.390909090909091
0.381818181818182
0.481818181818182
0.472727272727273
0.518181818181818
0.436363636363636
0.490909090909091
0.454545454545455
0.5
0.427272727272727
0.409090909090909
0.418181818181818
0.472727272727273
0.472727272727273
0.463636363636364
0.454545454545455
0.490909090909091
0.490909090909091
0.445454545454545
0.390909090909091
0.4
0.445454545454545
0.445454545454545
0.509090909090909
0.4
0.454545454545455
0.454545454545455
0.436363636363636
0.409090909090909
0.436363636363636
0.536363636363636
