0.436363636363636
0.372727272727273
0.318181818181818
0.336363636363636
0.427272727272727
0.372727272727273
0.409090909090909
0.454545454545455
0.381818181818182
0.4
0.354545454545455
0.409090909090909
0.318181818181818
0.372727272727273
0.354545454545455
0.427272727272727
0.418181818181818
0.390909090909091
0.436363636363636
0.445454545454545
0.381818181818182
0.390909090909091
0.345454545454545
0.445454545454545
0.381818181818182
0.463636363636364
0.463636363636364
0.4
0.354545454545455
0.354545454545455
0.390909090909091
0.445454545454545
0.409090909090909
0.409090909090909
0.290909090909091
0.409090909090909
0.3
0.390909090909091
0.390909090909091
0.327272727272727
0.318181818181818
0.354545454545455
0.327272727272727
0.436363636363636
0.381818181818182
0.336363636363636
0.427272727272727
0.390909090909091
0.390909090909091
0.363636363636364
0.409090909090909
0.372727272727273
0.4
0.381818181818182
0.363636363636364
0.481818181818182
0.354545454545455
0.454545454545455
0.436363636363636
0.436363636363636
0.436363636363636
0.418181818181818
0.309090909090909
0.445454545454545
0.354545454545455
0.418181818181818
0.327272727272727
0.390909090909091
0.409090909090909
0.4
0.418181818181818
0.4
0.409090909090909
0.427272727272727
0.336363636363636
0.4
0.345454545454545
0.427272727272727
0.372727272727273
0.381818181818182
0.454545454545455
0.336363636363636
0.409090909090909
0.409090909090909
0.390909090909091
0.4
0.390909090909091
0.436363636363636
0.354545454545455
0.472727272727273
0.381818181818182
0.418181818181818
0.409090909090909
0.445454545454545
0.472727272727273
0.418181818181818
0.445454545454545
0.409090909090909
0.381818181818182
0.418181818181818
0.372727272727273
0.418181818181818
0.409090909090909
0.372727272727273
0.4
0.427272727272727
0.345454545454545
0.436363636363636
0.381818181818182
0.372727272727273
0.381818181818182
0.372727272727273
0.327272727272727
0.3
0.418181818181818
0.336363636363636
0.318181818181818
0.336363636363636
0.363636363636364
0.354545454545455
0.445454545454545
0.372727272727273
0.454545454545455
0.427272727272727
0.409090909090909
0.390909090909091
0.454545454545455
0.390909090909091
0.336363636363636
0.354545454545455
0.390909090909091
0.436363636363636
0.4
0.427272727272727
0.381818181818182
0.4
0.336363636363636
0.390909090909091
0.454545454545455
0.472727272727273
0.4
0.436363636363636
0.327272727272727
0.4
0.436363636363636
0.481818181818182
0.4
0.4
0.381818181818182
0.4
0.409090909090909
0.372727272727273
0.363636363636364
0.372727272727273
0.418181818181818
0.409090909090909
0.363636363636364
0.381818181818182
0.409090909090909
0.390909090909091
0.354545454545455
0.381818181818182
0.354545454545455
0.381818181818182
0.427272727272727
0.445454545454545
0.363636363636364
0.445454545454545
0.418181818181818
0.409090909090909
0.390909090909091
0.436363636363636
0.372727272727273
0.390909090909091
0.409090909090909
0.372727272727273
0.418181818181818
0.327272727272727
0.354545454545455
0.454545454545455
0.363636363636364
0.418181818181818
0.409090909090909
0.381818181818182
0.354545454545455
0.390909090909091
0.363636363636364
0.4
0.4
0.409090909090909
0.409090909090909
0.4
0.363636363636364
0.363636363636364
0.4
0.481818181818182
0.409090909090909
0.345454545454545
0.372727272727273
0.390909090909091
0.372727272727273
0.427272727272727
0.454545454545455
0.390909090909091
0.390909090909091
0.381818181818182
0.363636363636364
0.409090909090909
0.381818181818182
0.336363636363636
0.372727272727273
0.381818181818182
0.390909090909091
0.463636363636364
0.409090909090909
0.454545454545455
0.4
0.372727272727273
0.4
0.454545454545455
0.4
0.427272727272727
0.445454545454545
0.4
0.454545454545455
0.418181818181818
0.409090909090909
0.390909090909091
0.336363636363636
0.372727272727273
0.454545454545455
0.436363636363636
0.354545454545455
0.409090909090909
0.436363636363636
0.418181818181818
0.418181818181818
0.454545454545455
0.445454545454545
0.390909090909091
0.390909090909091
0.372727272727273
0.418181818181818
0.436363636363636
0.418181818181818
0.418181818181818
0.463636363636364
0.436363636363636
0.390909090909091
0.436363636363636
0.445454545454545
0.418181818181818
0.445454545454545
0.409090909090909
0.409090909090909
0.4
0.409090909090909
0.445454545454545
0.354545454545455
0.381818181818182
0.4
0.381818181818182
0.4
0.372727272727273
0.354545454545455
0.381818181818182
0.390909090909091
0.381818181818182
0.463636363636364
0.418181818181818
0.418181818181818
0.363636363636364
0.409090909090909
0.390909090909091
0.445454545454545
0.418181818181818
0.445454545454545
0.4
0.4
0.409090909090909
0.372727272727273
0.427272727272727
0.345454545454545
0.427272727272727
0.354545454545455
0.4
0.390909090909091
0.4
0.427272727272727
0.336363636363636
0.363636363636364
0.472727272727273
0.427272727272727
0.436363636363636
0.418181818181818
0.445454545454545
0.381818181818182
0.354545454545455
0.472727272727273
0.381818181818182
0.363636363636364
0.418181818181818
0.336363636363636
0.354545454545455
0.427272727272727
0.409090909090909
0.381818181818182
0.390909090909091
0.381818181818182
0.345454545454545
0.436363636363636
0.4
0.409090909090909
0.363636363636364
0.427272727272727
0.354545454545455
0.409090909090909
0.372727272727273
0.427272727272727
0.390909090909091
0.363636363636364
0.372727272727273
0.390909090909091
0.427272727272727
0.381818181818182
0.390909090909091
0.381818181818182
0.390909090909091
0.381818181818182
0.336363636363636
0.381818181818182
0.363636363636364
0.5
0.372727272727273
0.318181818181818
0.409090909090909
0.381818181818182
0.409090909090909
0.409090909090909
0.390909090909091
0.418181818181818
0.345454545454545
0.4
0.345454545454545
0.427272727272727
0.418181818181818
0.427272727272727
0.372727272727273
0.463636363636364
0.390909090909091
0.4
0.390909090909091
0.390909090909091
0.4
0.372727272727273
0.409090909090909
0.390909090909091
0.418181818181818
0.427272727272727
0.4
0.390909090909091
0.363636363636364
0.381818181818182
0.363636363636364
0.4
0.336363636363636
0.390909090909091
0.427272727272727
0.445454545454545
0.354545454545455
0.390909090909091
0.409090909090909
0.454545454545455
0.436363636363636
0.409090909090909
0.418181818181818
0.354545454545455
0.345454545454545
0.336363636363636
0.345454545454545
0.4
0.381818181818182
0.445454545454545
0.390909090909091
0.390909090909091
0.4
0.4
0.381818181818182
0.372727272727273
0.318181818181818
0.409090909090909
0.4
0.390909090909091
0.418181818181818
0.409090909090909
0.390909090909091
0.4
0.418181818181818
0.4
0.390909090909091
0.436363636363636
0.372727272727273
0.436363636363636
0.445454545454545
0.345454545454545
0.336363636363636
0.363636363636364
0.445454545454545
0.409090909090909
0.363636363636364
0.409090909090909
0.363636363636364
0.454545454545455
0.354545454545455
0.381818181818182
0.345454545454545
0.436363636363636
0.409090909090909
0.336363636363636
0.463636363636364
0.390909090909091
0.418181818181818
0.418181818181818
0.336363636363636
0.427272727272727
0.372727272727273
0.363636363636364
0.4
0.381818181818182
0.390909090909091
0.409090909090909
0.436363636363636
0.4
0.354545454545455
0.427272727272727
0.436363636363636
0.4
0.436363636363636
0.390909090909091
0.427272727272727
0.427272727272727
0.427272727272727
0.345454545454545
0.409090909090909
0.381818181818182
0.409090909090909
0.363636363636364
0.445454545454545
0.372727272727273
0.372727272727273
0.409090909090909
0.427272727272727
0.363636363636364
0.418181818181818
0.354545454545455
0.4
0.409090909090909
0.336363636363636
0.372727272727273
0.427272727272727
0.390909090909091
0.354545454545455
0.363636363636364
0.354545454545455
0.363636363636364
0.409090909090909
0.372727272727273
0.363636363636364
0.390909090909091
0.445454545454545
0.418181818181818
0.463636363636364
0.381818181818182
0.4
0.445454545454545
0.418181818181818
0.363636363636364
0.436363636363636
0.318181818181818
0.318181818181818
0.4
0.336363636363636
0.309090909090909
0.381818181818182
0.390909090909091
0.372727272727273
0.409090909090909
0.409090909090909
0.445454545454545
0.418181818181818
0.354545454545455
0.381818181818182
0.445454545454545
0.372727272727273
0.390909090909091
0.418181818181818
0.409090909090909
0.454545454545455
0.318181818181818
0.381818181818182
0.418181818181818
0.390909090909091
0.418181818181818
0.418181818181818
0.418181818181818
0.436363636363636
0.372727272727273
0.445454545454545
0.390909090909091
0.409090909090909
0.336363636363636
0.390909090909091
0.336363636363636
0.418181818181818
0.436363636363636
0.445454545454545
0.4
0.390909090909091
0.445454545454545
0.381818181818182
0.372727272727273
0.418181818181818
0.345454545454545
0.336363636363636
0.354545454545455
0.4
0.454545454545455
0.354545454545455
0.463636363636364
0.381818181818182
0.4
0.409090909090909
0.390909090909091
0.327272727272727
0.336363636363636
0.354545454545455
0.5
0.427272727272727
0.427272727272727
0.363636363636364
0.436363636363636
0.454545454545455
0.363636363636364
0.418181818181818
0.345454545454545
0.409090909090909
0.372727272727273
0.454545454545455
0.481818181818182
0.354545454545455
0.418181818181818
0.409090909090909
0.409090909090909
0.4
0.345454545454545
0.463636363636364
0.436363636363636
0.390909090909091
0.436363636363636
0.381818181818182
0.4
0.4
0.436363636363636
0.354545454545455
0.454545454545455
0.345454545454545
0.345454545454545
0.427272727272727
0.436363636363636
0.390909090909091
0.372727272727273
0.418181818181818
0.381818181818182
0.381818181818182
0.445454545454545
0.418181818181818
0.463636363636364
0.436363636363636
0.372727272727273
0.454545454545455
0.418181818181818
0.418181818181818
0.4
0.372727272727273
0.4
0.4
0.418181818181818
0.427272727272727
0.436363636363636
0.290909090909091
0.418181818181818
0.381818181818182
0.381818181818182
0.390909090909091
0.427272727272727
0.4
0.372727272727273
0.409090909090909
0.390909090909091
0.445454545454545
0.390909090909091
0.390909090909091
0.4
0.445454545454545
0.445454545454545
0.418181818181818
0.354545454545455
0.381818181818182
0.418181818181818
0.409090909090909
0.363636363636364
0.409090909090909
0.4
0.327272727272727
0.4
0.427272727272727
0.427272727272727
0.336363636363636
0.436363636363636
0.427272727272727
0.4
0.463636363636364
0.4
0.309090909090909
0.345454545454545
0.418181818181818
0.427272727272727
0.372727272727273
0.390909090909091
0.4
0.436363636363636
0.336363636363636
0.381818181818182
0.436363636363636
0.418181818181818
0.363636363636364
0.390909090909091
0.381818181818182
0.418181818181818
0.445454545454545
0.390909090909091
0.372727272727273
0.390909090909091
0.345454545454545
0.318181818181818
0.381818181818182
0.5
0.445454545454545
0.418181818181818
0.390909090909091
0.363636363636364
0.381818181818182
0.409090909090909
0.418181818181818
0.445454545454545
0.4
0.372727272727273
0.427272727272727
0.345454545454545
0.4
0.363636363636364
0.409090909090909
0.427272727272727
0.327272727272727
0.390909090909091
0.409090909090909
0.354545454545455
0.463636363636364
0.409090909090909
0.418181818181818
0.263636363636364
0.409090909090909
0.4
0.454545454545455
0.327272727272727
0.418181818181818
0.372727272727273
0.445454545454545
0.463636363636364
0.445454545454545
0.4
0.354545454545455
0.418181818181818
0.409090909090909
0.327272727272727
0.390909090909091
0.418181818181818
0.363636363636364
0.390909090909091
0.372727272727273
0.463636363636364
0.427272727272727
0.418181818181818
0.327272727272727
0.4
0.4
0.4
0.418181818181818
0.445454545454545
0.481818181818182
0.390909090909091
0.318181818181818
0.354545454545455
0.390909090909091
0.4
0.409090909090909
0.336363636363636
0.427272727272727
0.418181818181818
0.390909090909091
0.427272727272727
0.409090909090909
0.409090909090909
0.409090909090909
0.354545454545455
0.390909090909091
0.390909090909091
0.463636363636364
0.454545454545455
0.363636363636364
0.4
0.372727272727273
0.372727272727273
0.390909090909091
0.436363636363636
0.409090909090909
0.427272727272727
0.4
0.445454545454545
0.381818181818182
0.372727272727273
0.354545454545455
0.436363636363636
0.372727272727273
0.318181818181818
0.454545454545455
0.336363636363636
0.427272727272727
0.390909090909091
0.381818181818182
0.4
0.372727272727273
0.409090909090909
0.381818181818182
0.427272727272727
0.390909090909091
0.390909090909091
0.436363636363636
0.381818181818182
0.354545454545455
0.372727272727273
0.427272727272727
0.409090909090909
0.409090909090909
0.427272727272727
0.436363636363636
0.345454545454545
0.418181818181818
0.345454545454545
0.381818181818182
0.4
0.336363636363636
0.409090909090909
0.463636363636364
0.354545454545455
0.427272727272727
0.418181818181818
0.463636363636364
0.454545454545455
0.427272727272727
0.436363636363636
0.345454545454545
0.372727272727273
0.418181818181818
0.381818181818182
0.336363636363636
0.445454545454545
0.381818181818182
0.4
0.390909090909091
0.4
0.4
0.354545454545455
0.436363636363636
0.363636363636364
0.445454545454545
0.327272727272727
0.490909090909091
0.390909090909091
0.463636363636364
0.454545454545455
0.445454545454545
0.445454545454545
0.390909090909091
0.381818181818182
0.372727272727273
0.381818181818182
0.427272727272727
0.381818181818182
0.418181818181818
0.4
0.363636363636364
0.418181818181818
0.409090909090909
0.454545454545455
0.436363636363636
0.409090909090909
0.363636363636364
0.381818181818182
0.3
0.390909090909091
0.4
0.390909090909091
0.427272727272727
0.363636363636364
0.372727272727273
0.354545454545455
0.381818181818182
0.418181818181818
0.372727272727273
0.436363636363636
0.4
0.381818181818182
0.4
0.409090909090909
0.409090909090909
0.427272727272727
0.4
0.363636363636364
0.409090909090909
0.381818181818182
0.363636363636364
0.418181818181818
0.363636363636364
0.318181818181818
0.381818181818182
0.390909090909091
0.372727272727273
0.427272727272727
0.363636363636364
0.363636363636364
0.427272727272727
0.390909090909091
0.318181818181818
0.372727272727273
0.409090909090909
0.418181818181818
0.327272727272727
0.372727272727273
0.372727272727273
0.372727272727273
0.436363636363636
0.418181818181818
0.390909090909091
0.445454545454545
0.381818181818182
0.390909090909091
0.354545454545455
0.381818181818182
0.445454545454545
0.336363636363636
0.345454545454545
0.363636363636364
0.427272727272727
0.336363636363636
0.336363636363636
0.363636363636364
0.481818181818182
0.390909090909091
0.363636363636364
0.354545454545455
0.345454545454545
0.345454545454545
0.4
0.445454545454545
0.4
0.363636363636364
0.372727272727273
0.336363636363636
0.445454545454545
0.427272727272727
0.372727272727273
0.445454545454545
0.427272727272727
0.4
0.463636363636364
0.354545454545455
0.418181818181818
0.409090909090909
0.372727272727273
0.436363636363636
0.390909090909091
0.354545454545455
0.445454545454545
0.345454545454545
0.336363636363636
0.4
0.390909090909091
0.4
0.445454545454545
0.427272727272727
0.445454545454545
0.390909090909091
0.436363636363636
0.5
0.390909090909091
0.445454545454545
0.454545454545455
0.390909090909091
0.390909090909091
0.390909090909091
0.472727272727273
0.436363636363636
0.3
0.336363636363636
0.363636363636364
0.390909090909091
0.427272727272727
0.318181818181818
0.409090909090909
0.3
0.363636363636364
0.354545454545455
0.427272727272727
0.409090909090909
0.336363636363636
0.436363636363636
0.390909090909091
0.354545454545455
0.409090909090909
0.409090909090909
0.4
0.4
0.4
0.390909090909091
0.445454545454545
0.372727272727273
0.4
0.381818181818182
0.409090909090909
0.390909090909091
0.336363636363636
0.327272727272727
0.454545454545455
0.290909090909091
0.418181818181818
0.418181818181818
0.309090909090909
0.418181818181818
0.354545454545455
0.336363636363636
0.381818181818182
0.354545454545455
0.381818181818182
0.390909090909091
0.445454545454545
0.427272727272727
0.445454545454545
0.327272727272727
0.445454545454545
0.4
0.372727272727273
0.436363636363636
0.354545454545455
0.372727272727273
0.418181818181818
0.327272727272727
0.4
0.372727272727273
0.427272727272727
0.418181818181818
0.4
0.336363636363636
0.4
0.372727272727273
0.481818181818182
0.381818181818182
0.390909090909091
0.363636363636364
0.390909090909091
0.4
0.418181818181818
0.418181818181818
0.354545454545455
0.445454545454545
0.281818181818182
0.427272727272727
0.354545454545455
0.390909090909091
0.427272727272727
0.372727272727273
0.427272727272727
0.409090909090909
0.390909090909091
0.4
0.336363636363636
0.390909090909091
0.372727272727273
0.445454545454545
0.381818181818182
