-1765000
2510000
-2560000
2730000
-7960000
8700000
-8710000
8770000
-8780000
9660000
9980000
-10050000
10140000
-10160000
-10580000
11155000
-11160000
11160000
11545000
11550000
11550000
-11740000
-11780000
-11790000
-12980000
13090000
-13250000
13500000
-13520000
-13525000
-13530000
13650000
-13670000
-13670000
13760000
13760000
14045000
14045000
-14110000
15160000
15360000
-15485000
-16460000
16680000
16840000
-17060000
17260000
-17390000
17600000
-17710000
18400000
18410000
-18910000
-19350000
-19380000
-19390000
19540000
19560000
19750000
-19900000
-19900000
19910000
-20540000
21750000
-21850000
21990000
23710000
-23800000
23910000
-23920000
-24770000
-24850000
25160000
25160000
-30290000
30520000
-31050000
31670000
-37600000
-37780000
38030000
38030000
-39590000
-39760000
39930000
39940000
39940000
-40120000
40510000
-40970000
-43810000
44090000
45370000
-45600000
46410000
-46500000
47050000
-47050000
-47230000
47380000
-48500000
48800000
50430000
-50660000
-53340000
53460000
56590000
-56750000
64800000
64820000
-64880000
-65200000
-67410000
67680000
68040000
68040000
-68045000
68440000
-68500000
-68600000
68760000
-69310000
69980000
-70390000
-70600000
70780000
71240000
-71345000
73075000
-73075000
-73235000
73350000
-73605000
73765000
99940000
-100020000
-100670000
-100840000
101050000
101050000
101850000
-102080000
102200000
-102420000
-102460000
102600000
-102715000
102720000
-102790000
103070000
-105720000
106020000
-106900000
106900000
106960000
-107020000
-108720000
-108725000
108870000
108970000
-109080000
109130000
109150000
-109380000
109400000
-109400000
-109650000
-109695000
110090000
110095000
-114560000
-114570000
114790000
114880000
-115575000
115810000
-117770000
117940000
-117980000
118200000
-128730000
-128765000
128860000
129050000
129190000
-129190000
129205000
-129320000
129530000
129670000
-130040000
-130040000
-130110000
130760000
133620000
133680000
-133880000
-133920000
-135110000
-135110000
135240000
135340000
135795000
-136005000
-139155000
139220000
-147130000
148550000
149940000
149940000
-150160000
-150250000
152815000
-152930000
153020000
153060000
-153180000
-153200000
-153980000
154060000
